dominated:
x1 = 0.151843
x2 = 0.106641
x3 = 0.0676146
x4 = 0.113483
x5 = 0.160909
x6 = 0.1879
x7 = 0.0859165
x8 = 0.0696215
x9 = 0.101204
x10 = 0.0556568

hilbert:
x1 = -6.92232
x2 = 39.1789
x3 = -20.8241
x4 = -30.9549
x5 = -25.7093
x6 = -30.6234
x7 = 19.0445
x8 = 55.8576
x9 = 24.7676
x10 = 4.71192

random:
x1 = 0.24824
x2 = -0.614219
x3 = 0.276654
x4 = 0.5596
x5 = 0.531212
x6 = 0.964843
x7 = 0.468153
x8 = 0.296046
x9 = 0.211652
x10 = -0.262473
